05619294404
04417518404
8055661
7797522
8006746
3727093
3013898
7239289
8515706
2707228
0735209
9962087
4320770
9884095
5754995
3251107
3435783
0707316
6174266
4969319
8621410
9008094
4040267
3729990
7878730
1099470
8788058
4644227
2668494
1728019
0906262
6149421
5354347
2530215
9364605
8575231
5488551
9701085
3115321
2443066
8229645
5367147
3449857
3594019
3451471
0769034
2981957
9630677
2877064
8651852
8256378
0492029
9677556
9778275
5779358
2745503
4230177
8499429
0517166
0537201
3940336
3067743
2268009
2852790
1561623
2057471
7948974
2068187
9873355
8502095
9236565
3167412
2758637
9193965
3206519
2372444
1213795
0403780
4856400
9101495
0508044
6463855
2639790
0449105
8756620
7036304
1558968
3480997
0620984
1958039
5921260
4424461
2933959
0739787
8567855
0914579
2773085
5721509
5544308
3770336
9505375
5663091
90165604
98811046
41588458
45685895
72193322
51876121
26028159
99571547
86138070
24953487
84428871
06619507
13450830
77457788
70806252
42791733
05124629
33410827
00676056
20167942
30753189
57365076
30606868
19157258
43080477
22789234
36666106
00715178
06385599
56609545
27708865
49658266
78937396
97868018
58761116
32848607
76849619
17014641
63633899
80712176
82148666
83290487
44414552
77175165
38273760
82338362
23620351
25380723
78834964
59855189
28738076
74383432
94690277
89349011
20286563
76233030
56103230
80292662
86095792
92289824
77416044
21743540
40360732
91268769
24718681
86624834
70796949
72923287
53359338
21562619
81362584
09243067
87459908
67667420
78470860
33253790
31470793
37157600
78347106
24276727
42628235
73747215
47840084
53814509
06180535
68658244
16988000
64395529
55956525
98704211
85784245
67126027
12320885
84663571
90478025
77402330
15383764
01594638
69613565
20885216
66641412
03592291
25302329
95782481
95861363
81270392
57620230
00518300
66948329
52294937
23035669
07153614
36044746
96507432
88875458
20238937
56257223
75301131
21379994
43522269
25787622
84232579
04521397
29336435
72843187
06977061
61426704
00629242
97378722
58747260
74911016
04027317
64359413
24327422
98681650
02205338
14961057
65033873
16217386
88677539
38095853
33040769
38697540
98688620
38124123
06165805
70717341
74452223
09519735
76779271
90523952
87996960
90479094
74471320
66583881
16460454
93721845
85051930
87345458
80733753
73495423
78805971
71955986
46092483
68306324
74195641
40539653
35586871
21016688
66042457
01696818
48552151
55446850
03308275
66262823
88840716
20176636
56320141
37853144
02973527
66649172
97668490
39524502
05981179
89686954
49319442
28172057
29573059
83749959
53768813
29391444
64552477
84045220
90897700
34234575
68495030
37827999
90503074
45317120
15380802
59390386
82747245
75873718
84401879
18021584
94649396
18928118
84553939
69761939
07639654
56481341
18977476
26836127
02619074
37284803
83783507
73183578
03197053
45223384
40139428
95627255
43273675
36304858
97826981
59418898
44136955
97985579
58532604
29988443
48788124
64039098
84889288
25859602
15709050
55654909
38637563
57460264
10794766
26266326
51665114
73985268
48289900
89315366
97356327
15645324
27271934
63425259
59136717
04849107
57450175
85065945
67868031
25921300
72964293
87124795
51666547
31565766
69169850
17006124
72431103
35506441
94538891
08494999
38113352
55301838
35112826
38527723
63491860
97616621
44567311
98498214
78780941
66514608
61891798
20072672
39290924
40332135
59889833
35667430
08563529
00650527
11228594
78288307
08432716
59241743
63671663
26887137
48388926
45050555
08896963
16117574
31138202
39806588
44438177
28927542
45683150
13548786
00116948
01628256
54849930
44683508
10470892
08239452
93180354
43439786
45966567
41108042
93175377
25899541
70504212
54718762
89498964
07910933
84561344
02588398
51535230
53211950
19829383
02055305
54661843
29022907
02893532
85306292
78189728
02994833
92623209
65577927
49596362
93599388
76567088
16484951
34712412
20928309
13048063
94510089
86766465
89907631
56127340
39961027
23026275
54538214
18412251
97848761
35342215
44872211
59812406
14738890
05632701
38540910
54685240
22799862
15834441
52068894
43531991
15729594
46061411
40993446
01278140
88155221
87065299
91603082
28582328
02399525
04361270
38343442
80600094
27773301
32537962
68222095
70145255
77808238
01636758
09083763
30135341
08593092
71631563
55835871
57140585
03202741
63249593
47309273
65594922
06422891
12787389
80204657
88191602
38257038
48110300
05127058
64489699
79196122
50469660
65644644
83242858
21995719
22101337
42688566
43576229
53539310
45406871
83291294
77155853
96023181
89559396
74354707
10015405
72244489
26912813
30834272
45385517
27181516
19095083
88756809
75840793
27240554
63482576
27304999
20421888
80122645
73429678
40130078
74234229
48099130
96341276
26366684
10927217
40836035
43707361
45167099
76177005
71506804
73281663
88845017
70649930
09903925
27618792
65944200
15726060
26915728
29102669
15981936
51378777
42213086
65156631
57154226
56889920
76303275
60466268
86323875
73288805
21522134
38567004
10836750
03714301
25784072
15607322
12318914
28579601
93481283
81550058
31141091
91954798
37367441
84866192
45206183
67564541
27379063
66090155
92161439
53202080
11343062
65285234
37068017
55727507
53233313
15437483
74185986
88558375
30017737
98450940
83690648
73726209
73098814
19623519
99438788
14720461
46037290
90436684
16559104
70701733
09327983
36268477
28005886
10075252
97855361
29682482
56082886
48764227
85990882
42913251
